257 119 20 239 117 20
234 143 20 253 144 20
257 142 20 275 144 20
305 142 20 321 147 20
305 146 20 325 146 20
309 145 20 325 150 20
333 165 20 329 149 20
309 149 20 329 149 20
329 153 20 333 165 20
333 169 20 329 153 20
333 169 20 326 184 20
330 183 20 333 169 20
329 157 20 333 169 20
333 173 20 329 157 20
333 173 20 330 183 20
334 182 20 333 173 20
329 161 20 333 173 20
333 177 20 329 161 20
333 177 20 334 182 20
338 181 20 333 177 20
291 136 20 309 141 20
329 165 20 333 177 20
329 165 20 338 181 20
333 181 20 329 165 20
333 181 20 338 181 20
333 181 20 324 196 20
341 183 20 333 181 20
328 195 20 333 181 20
328 195 20 341 183 20
329 169 20 333 181 20
329 169 20 341 183 20
333 185 20 329 169 20
333 185 20 341 183 20
333 185 20 328 195 20
344 185 20 333 185 20
344 185 20 328 195 20
332 194 20 333 185 20
332 194 20 344 185 20
329 173 20 333 185 20
329 173 20 344 185 20
333 189 20 329 173 20
333 189 20 344 185 20
333 189 20 332 194 20
347 187 20 333 189 20
347 187 20 332 194 20
336 193 20 333 189 20
336 193 20 347 187 20
329 177 20 333 189 20
329 177 20 336 193 20
333 193 20 329 177 20
333 193 20 347 187 20
333 193 20 336 193 20
351 186 20 333 193 20
351 186 20 336 193 20
340 192 20 329 177 20
340 192 20 333 193 20
340 192 20 351 186 20
333 176 20 333 193 20
333 176 20 340 192 20
337 192 20 333 176 20
337 192 20 351 186 20
337 192 20 340 192 20
354 188 20 337 192 20
354 188 20 340 192 20
340 196 20 337 192 20
340 196 20 354 188 20
337 175 20 337 192 20
341 191 20 337 175 20
341 191 20 354 188 20
341 191 20 340 196 20
354 192 20 341 191 20
354 192 20 340 196 20
344 195 20 341 191 20
344 195 20 354 192 20
341 174 20 341 191 20
345 190 20 341 174 20
345 190 20 354 192 20
345 190 20 344 195 20
358 191 20 345 190 20
358 191 20 344 195 20
347 197 20 345 190 20
347 197 20 358 191 20
345 173 20 345 190 20
349 189 20 345 173 20
349 189 20 358 191 20
349 189 20 347 197 20
361 193 20 349 189 20
361 193 20 347 197 20
347 201 20 349 189 20
347 201 20 361 193 20
349 172 20 349 189 20
353 188 20 349 172 20
353 188 20 361 193 20
353 188 20 347 201 20
361 197 20 353 188 20
361 197 20 347 201 20
351 200 20 353 188 20
351 200 20 361 197 20
353 171 20 353 188 20
357 187 20 353 171 20
357 187 20 361 197 20
357 187 20 351 200 20
365 196 20 357 187 20
365 196 20 351 200 20
354 202 20 357 187 20
354 202 20 365 196 20
357 170 20 357 187 20
361 186 20 357 170 20
361 186 20 365 196 20
361 186 20 354 202 20
368 198 20 361 186 20
368 198 20 354 202 20
354 206 20 368 198 20
361 169 20 361 186 20
365 185 20 361 169 20
365 185 20 368 198 20
371 200 20 365 185 20
371 200 20 354 206 20
354 210 20 371 200 20
365 168 20 365 185 20
369 184 20 365 168 20
369 184 20 371 200 20
374 202 20 369 184 20
358 209 20 374 202 20
369 167 20 369 184 20
373 183 20 369 167 20
373 183 20 374 202 20
377 204 20 358 209 20
361 211 20 377 204 20
373 166 20 373 183 20
377 182 20 373 166 20
380 206 20 361 211 20
364 213 20 380 206 20
377 165 20 377 182 20
381 181 20 377 165 20
383 208 20 364 213 20
367 215 20 383 208 20
381 164 20 381 181 20
385 180 20 381 164 20
386 210 20 367 215 20
370 217 20 386 210 20
385 163 20 385 180 20
389 179 20 385 163 20
389 212 20 370 217 20
373 219 20 389 212 20
389 162 20 389 179 20
393 178 20 389 162 20
392 214 20 373 219 20
376 221 20 392 214 20
393 161 20 393 178 20
397 177 20 393 161 20
395 216 20 376 221 20
379 223 20 395 216 20
397 160 20 397 177 20
401 176 20 397 160 20
398 218 20 379 223 20
382 225 20 398 218 20
401 159 20 401 176 20
405 175 20 401 159 20
401 220 20 382 225 20
385 227 20 401 220 20
405 158 20 405 175 20
409 174 20 405 158 20
404 222 20 385 227 20
388 229 20 404 222 20
409 157 20 409 174 20
413 173 20 409 157 20
407 224 20 388 229 20
391 231 20 407 224 20
413 156 20 413 173 20
417 172 20 413 156 20
410 226 20 391 231 20
394 233 20 410 226 20
417 155 20 417 172 20
421 171 20 417 155 20
413 228 20 394 233 20
397 235 20 413 228 20
421 154 20 421 171 20
425 170 20 421 154 20
416 230 20 397 235 20
400 237 20 416 230 20
425 153 20 425 170 20
429 169 20 425 153 20
419 232 20 400 237 20
403 239 20 419 232 20
429 152 20 429 169 20
433 168 20 429 152 20
422 234 20 403 239 20
406 241 20 422 234 20
433 151 20 433 168 20
437 167 20 433 151 20
425 236 20 406 241 20
409 243 20 425 236 20
437 150 20 437 167 20
441 166 20 437 150 20
428 238 20 409 243 20
412 245 20 428 238 20
441 149 20 441 166 20
445 165 20 441 149 20
431 240 20 412 245 20
415 247 20 431 240 20
445 148 20 445 165 20
449 164 20 445 148 20
434 242 20 415 247 20
418 249 20 434 242 20
449 147 20 449 164 20
453 163 20 449 147 20
437 244 20 418 249 20
421 251 20 437 244 20
453 146 20 453 163 20
457 162 20 453 146 20
440 246 20 421 251 20
424 253 20 440 246 20
457 145 20 457 162 20
461 161 20 457 145 20
443 248 20 424 253 20
427 255 20 443 248 20
461 144 20 461 161 20
465 160 20 461 144 20
446 250 20 427 255 20
430 257 20 446 250 20
465 143 20 465 160 20
469 159 20 465 143 20
449 252 20 430 257 20
433 259 20 449 252 20
469 142 20 469 159 20
473 158 20 469 142 20
452 254 20 433 259 20
436 261 20 452 254 20
473 141 20 473 158 20
477 157 20 473 141 20
455 256 20 436 261 20
439 263 20 455 256 20
477 140 20 477 157 20
481 156 20 477 140 20
458 258 20 439 263 20
442 265 20 458 258 20
481 139 20 481 156 20
485 155 20 481 139 20
461 260 20 442 265 20
445 267 20 461 260 20
485 138 20 485 155 20
489 154 20 485 138 20
464 262 20 445 267 20
448 269 20 464 262 20
489 137 20 489 154 20
493 153 20 489 137 20
467 264 20 448 269 20
451 271 20 467 264 20
493 136 20 493 153 20
497 152 20 493 136 20
470 266 20 451 271 20
454 273 20 470 266 20
497 135 20 497 152 20
501 151 20 497 135 20
473 268 20 454 273 20
457 275 20 473 268 20
501 134 20 501 151 20
505 150 20 501 134 20
476 270 20 457 275 20
460 277 20 476 270 20
505 133 20 505 150 20
509 149 20 505 133 20
479 272 20 460 277 20
463 279 20 479 272 20
509 132 20 509 149 20
513 148 20 509 132 20
482 274 20 463 279 20
466 281 20 482 274 20
513 131 20 513 148 20
517 147 20 513 131 20
485 276 20 466 281 20
469 283 20 485 276 20
517 130 20 517 147 20
521 146 20 517 130 20
488 278 20 469 283 20
472 285 20 488 278 20
521 129 20 521 146 20
525 145 20 521 129 20
491 280 20 472 285 20
475 287 20 491 280 20
525 128 20 525 145 20
529 144 20 525 128 20
494 282 20 475 287 20
478 289 20 494 282 20
529 127 20 529 144 20
533 143 20 529 127 20
497 284 20 478 289 20
481 291 20 497 284 20
533 126 20 533 143 20
537 142 20 533 126 20
500 286 20 481 291 20
484 293 20 500 286 20
537 125 20 537 142 20
541 141 20 537 125 20
503 288 20 484 293 20
487 295 20 503 288 20
541 124 20 541 141 20
545 140 20 541 124 20
506 290 20 487 295 20
490 297 20 506 290 20
545 123 20 545 140 20
549 139 20 545 123 20
509 292 20 490 297 20
493 299 20 509 292 20
549 122 20 549 139 20
553 138 20 549 122 20
512 294 20 493 299 20
496 301 20 512 294 20
553 121 20 553 138 20
557 137 20 553 121 20
515 296 20 496 301 20
499 303 20 515 296 20
557 120 20 557 137 20
561 136 20 557 120 20
518 298 20 499 303 20
502 305 20 518 298 20
561 119 20 561 136 20
565 135 20 561 119 20
521 300 20 502 305 20
505 307 20 521 300 20
565 118 20 565 135 20
569 134 20 565 118 20
524 302 20 505 307 20
508 309 20 524 302 20
569 117 20 569 134 20
573 133 20 569 117 20
527 304 20 508 309 20
511 311 20 527 304 20
573 116 20 573 133 20
577 132 20 573 116 20
530 306 20 511 311 20
514 313 20 530 306 20
569 115 20 577 132 20
573 131 20 569 115 20
533 308 20 514 313 20
517 315 20 533 308 20
565 114 20 573 131 20
569 130 20 565 114 20
536 310 20 517 315 20
520 317 20 536 310 20
561 113 20 569 130 20
565 129 20 561 113 20
539 312 20 520 317 20
523 319 20 539 312 20
557 112 20 565 129 20
561 128 20 557 112 20
542 314 20 523 319 20
526 321 20 542 314 20
553 111 20 561 128 20
557 127 20 553 111 20
545 316 20 526 321 20
529 323 20 545 316 20
549 110 20 557 127 20
553 126 20 549 110 20
548 318 20 529 323 20
532 325 20 548 318 20
545 109 20 553 126 20
549 125 20 545 109 20
551 320 20 532 325 20
535 327 20 551 320 20
541 108 20 549 125 20
545 124 20 541 108 20
554 322 20 535 327 20
538 329 20 554 322 20
537 107 20 545 124 20
541 123 20 537 107 20
557 324 20 538 329 20
541 331 20 557 324 20
533 106 20 541 123 20
537 122 20 533 106 20
560 326 20 541 331 20
544 333 20 560 326 20
529 105 20 537 122 20
533 121 20 529 105 20
563 328 20 544 333 20
547 335 20 563 328 20
525 104 20 533 121 20
529 120 20 525 104 20
566 330 20 547 335 20
550 337 20 566 330 20
521 103 20 529 120 20
525 119 20 521 103 20
569 332 20 550 337 20
553 339 20 569 332 20
517 102 20 525 119 20
521 118 20 517 102 20
572 334 20 553 339 20
556 341 20 572 334 20
513 101 20 521 118 20
517 117 20 513 101 20
575 336 20 556 341 20
509 100 20 517 117 20
513 116 20 509 100 20
505 99 20 513 116 20
509 115 20 505 99 20
501 98 20 509 115 20
505 114 20 501 98 20
497 97 20 505 114 20
501 113 20 497 97 20
493 96 20 501 113 20
497 112 20 493 96 20
489 95 20 497 112 20
493 111 20 489 95 20
485 94 20 493 111 20
489 110 20 485 94 20
481 93 20 489 110 20
485 109 20 481 93 20
477 92 20 485 109 20
481 108 20 477 92 20
473 91 20 481 108 20
477 107 20 473 91 20
469 90 20 477 107 20
473 106 20 469 90 20
465 89 20 473 106 20
469 105 20 465 89 20
461 88 20 469 105 20
465 104 20 461 88 20
457 87 20 465 104 20
461 103 20 457 87 20
453 86 20 461 103 20
457 102 20 453 86 20
449 85 20 457 102 20
453 101 20 449 85 20
445 84 20 453 101 20
449 100 20 445 84 20
441 83 20 449 100 20
445 99 20 441 83 20
437 82 20 445 99 20
441 98 20 437 82 20
433 81 20 441 98 20
437 97 20 433 81 20
429 80 20 437 97 20
433 96 20 429 80 20
425 79 20 433 96 20
429 95 20 425 79 20
421 78 20 429 95 20
425 94 20 421 78 20
417 77 20 425 94 20
421 93 20 417 77 20
413 76 20 421 93 20
417 92 20 413 76 20
409 75 20 417 92 20
413 91 20 409 75 20
405 74 20 413 91 20
409 90 20 405 74 20
401 73 20 409 90 20
405 89 20 401 73 20
397 72 20 405 89 20
401 88 20 397 72 20
393 71 20 401 88 20
397 87 20 393 71 20
389 70 20 397 87 20
393 86 20 389 70 20
385 69 20 393 86 20
389 85 20 385 69 20
381 68 20 389 85 20
385 84 20 381 68 20
377 67 20 385 84 20
381 83 20 377 67 20
373 66 20 381 83 20
377 82 20 373 66 20
369 65 20 377 82 20
373 81 20 369 65 20
365 64 20 373 81 20
369 80 20 365 64 20
361 63 20 369 80 20
365 79 20 361 63 20
357 62 20 365 79 20
361 78 20 357 62 20
353 61 20 361 78 20
357 77 20 353 61 20
349 60 20 357 77 20
353 76 20 349 60 20
345 59 20 353 76 20
349 75 20 345 59 20
427 427 20 409 432 20
341 58 20 349 75 20
345 74 20 341 58 20
337 57 20 345 74 20
341 73 20 337 57 20
333 56 20 341 73 20
337 72 20 333 56 20
329 55 20 337 72 20
333 71 20 329 55 20
325 54 20 333 71 20
329 70 20 325 54 20
321 53 20 329 70 20
325 69 20 321 53 20
317 52 20 325 69 20
321 68 20 317 52 20
313 51 20 321 68 20
317 67 20 313 51 20
309 50 20 317 67 20
313 66 20 309 50 20
305 49 20 313 66 20
309 65 20 305 49 20
301 48 20 309 65 20
305 64 20 301 48 20
297 47 20 305 64 20
301 63 20 297 47 20
293 46 20 301 63 20
297 62 20 293 46 20
289 45 20 297 62 20
293 61 20 289 45 20
285 44 20 293 61 20
289 60 20 285 44 20
281 43 20 289 60 20
285 59 20 281 43 20
277 42 20 285 59 20
281 58 20 277 42 20
273 41 20 281 58 20
277 57 20 273 41 20
269 40 20 277 57 20
273 56 20 269 40 20
265 39 20 273 56 20
269 55 20 265 39 20
261 38 20 269 55 20
265 54 20 261 38 20
257 37 20 265 54 20
261 53 20 257 37 20
253 36 20 261 53 20
257 52 20 253 36 20
249 35 20 257 52 20
253 51 20 249 35 20
245 34 20 253 51 20
249 50 20 245 34 20
241 33 20 249 50 20
245 49 20 241 33 20
237 32 20 245 49 20
241 48 20 237 32 20
233 31 20 241 48 20
237 47 20 233 31 20
229 30 20 237 47 20
233 46 20 229 30 20
225 29 20 233 46 20
229 45 20 225 29 20
221 28 20 229 45 20
225 44 20 221 28 20
217 27 20 225 44 20
221 43 20 217 27 20
310 498 20 291 492 20
213 26 20 221 43 20
217 42 20 213 26 20
209 25 20 217 42 20
213 41 20 209 25 20
205 24 20 213 41 20
209 40 20 205 24 20
201 23 20 209 40 20
205 39 20 201 23 20
197 22 20 205 39 20
201 38 20 197 22 20
193 21 20 201 38 20
197 37 20 193 21 20
189 20 20 197 37 20
193 36 20 189 20 20
185 19 20 193 36 20
189 35 20 185 19 20
181 18 20 189 35 20
185 34 20 181 18 20
177 17 20 185 34 20
181 33 20 177 17 20
173 16 20 181 33 20
177 32 20 173 16 20
169 15 20 177 32 20
173 31 20 169 15 20
165 14 20 173 31 20
169 30 20 165 14 20
161 13 20 169 30 20
165 29 20 161 13 20
246 522 20 234 535 20
157 12 20 165 29 20
161 28 20 157 12 20
153 11 20 161 28 20
157 27 20 153 11 20
149 10 20 157 27 20
153 28 20 149 10 20
145 11 20 153 28 20
149 29 20 145 11 20
141 12 20 149 29 20
145 30 20 141 12 20
137 13 20 145 30 20
141 31 20 137 13 20
133 14 20 141 31 20
137 32 20 133 14 20
129 15 20 137 32 20
133 33 20 129 15 20
125 16 20 133 33 20
129 34 20 125 16 20
121 17 20 129 34 20
125 35 20 121 17 20
117 18 20 125 35 20
121 36 20 117 18 20
113 19 20 121 36 20
117 37 20 113 19 20
109 20 20 117 37 20
113 38 20 109 20 20
105 21 20 113 38 20
109 39 20 105 21 20
101 22 20 109 39 20
105 40 20 101 22 20
97 23 20 105 40 20
101 41 20 97 23 20
93 24 20 101 41 20
97 42 20 93 24 20
89 25 20 97 42 20
93 43 20 89 25 20
85 26 20 93 43 20
89 44 20 85 26 20
81 27 20 89 44 20
85 45 20 81 27 20
77 28 20 85 45 20
81 46 20 77 28 20
73 29 20 81 46 20
77 47 20 73 29 20
69 30 20 77 47 20
73 48 20 69 30 20
65 31 20 73 48 20
69 49 20 65 31 20
61 32 20 69 49 20
65 50 20 61 32 20
57 33 20 65 50 20
61 51 20 57 33 20
53 34 20 61 51 20
57 52 20 53 34 20
49 35 20 57 52 20
53 53 20 49 35 20
45 36 20 53 53 20
49 54 20 45 36 20
239 361 20 257 355 20
41 37 20 49 54 20
45 55 20 41 37 20
37 38 20 45 55 20
41 56 20 37 38 20
33 39 20 41 56 20
37 57 20 33 39 20
29 40 20 37 57 20
33 58 20 29 40 20
25 41 20 33 58 20
29 59 20 25 41 20
21 42 20 29 59 20
25 60 20 21 42 20
17 43 20 25 60 20
21 61 20 17 43 20
13 44 20 21 61 20
17 62 20 13 44 20
9 45 20 17 62 20
427 391 20 437 375 20
246 298 20 239 280 20
261 222 20 246 235 20
239 188 20 257 180 20
241 118 20 257 124 20
310 162 20 309 145 20
293 133 20 309 133 20
405 530 20 421 519 20
98 235 20 95 216 20
190 281 20 195 297 20
429 80 20 437 96 20
220 261 20 239 256 20
511 231 20 521 214 20
325 151 20 312 166 20
322 151 20 310 166 20
320 151 20 307 166 20
305 166 20 300 185 20
317 151 20 305 166 20
302 166 20 298 185 20
316 153 20 302 166 20
301 168 20 295 185 20
314 153 20 301 168 20
299 168 20 294 187 20
575 404 20 575 384 20
311 153 20 299 168 20
296 168 20 292 187 20
310 155 20 296 168 20
295 170 20 289 187 20
308 155 20 295 170 20
293 170 20 288 189 20
305 155 20 293 170 20
290 170 20 286 189 20
304 157 20 290 170 20
289 172 20 283 189 20
302 157 20 289 172 20
287 172 20 282 191 20
299 157 20 287 172 20
284 172 20 280 191 20
298 159 20 284 172 20
283 174 20 277 191 20
296 159 20 283 174 20
281 174 20 261 174 20
281 174 20 276 193 20
293 159 20 281 174 20
278 174 20 259 174 20
276 199 20 283 216 20
292 161 20 278 174 20
416 138 20 429 125 20
432 123 20 446 114 20
290 161 20 277 176 20
289 163 20 275 176 20
287 163 20 274 178 20
286 165 20 272 178 20
284 165 20 271 180 20
283 167 20 269 180 20
281 167 20 268 182 20
433 167 20 416 159 20
280 169 20 266 182 20
278 169 20 265 184 20
277 171 20 263 184 20
275 171 20 262 186 20
274 173 20 260 186 20
272 173 20 259 188 20
271 175 20 257 188 20
269 175 20 256 190 20
268 177 20 254 190 20
266 177 20 253 192 20
265 179 20 251 192 20
263 179 20 250 194 20
262 181 20 248 194 20
260 181 20 247 196 20
259 183 20 245 196 20
257 183 20 244 198 20
256 185 20 242 198 20
254 185 20 241 200 20
253 187 20 239 200 20
251 187 20 238 202 20
250 189 20 236 202 20
248 189 20 235 204 20
247 191 20 233 204 20
245 191 20 232 206 20
244 193 20 230 206 20
242 193 20 229 208 20
241 195 20 227 208 20
239 195 20 226 210 20
539 505 20 530 522 20
238 197 20 224 210 20
236 197 20 223 212 20
235 199 20 221 212 20
233 199 20 220 214 20
232 201 20 218 214 20
230 201 20 217 216 20
229 203 20 215 216 20
227 203 20 214 218 20
226 205 20 212 218 20
224 205 20 211 220 20
223 207 20 209 220 20
221 207 20 208 222 20
220 209 20 206 222 20
218 209 20 205 224 20
217 211 20 203 224 20
215 211 20 202 226 20
214 213 20 200 226 20
212 213 20 199 228 20
211 215 20 197 228 20
228 206 20 211 215 20
207 216 20 196 230 20
206 218 20 192 231 20
202 219 20 191 233 20
201 221 20 187 234 20
197 222 20 186 236 20
196 224 20 182 237 20
192 225 20 181 239 20
191 227 20 177 240 20
187 228 20 176 242 20
176 214 20 187 228 20
185 232 20 172 243 20
175 216 20 185 232 20
184 234 20 170 247 20
182 238 20 169 249 20
181 240 20 167 253 20
179 244 20 166 255 20
178 246 20 164 259 20
176 250 20 163 261 20
175 252 20 161 265 20
173 256 20 160 267 20
172 258 20 158 271 20
170 262 20 157 273 20
169 264 20 155 277 20
167 268 20 154 279 20
166 270 20 152 283 20
164 274 20 151 285 20
560 199 20 544 188 20
198 203 20 180 206 20
163 276 20 149 289 20
161 280 20 148 291 20
95 335 20 86 350 20
160 282 20 146 295 20
293 477 20 283 462 20
158 286 20 145 297 20
157 288 20 143 301 20
155 292 20 142 303 20
154 294 20 140 307 20
152 298 20 139 309 20
151 300 20 137 313 20
149 304 20 136 315 20
148 306 20 134 319 20
146 310 20 133 321 20
145 312 20 131 325 20
143 316 20 130 327 20
128 331 20 117 346 20
142 318 20 128 331 20
220 428 20 238 436 20
86 388 20 103 381 20
152 394 20 135 389 20
316 188 20 302 174 20
295 202 20 283 218 20
258 174 20 241 174 20
225 174 20 208 174 20
44 472 20 37 490 20
276 385 20 293 393 20
276 343 20 275 325 20
114 332 20 127 322 20
259 199 20 275 187 20
258 166 20 259 184 20
295 158 20 299 175 20
54 432 20 68 444 20
259 276 20 267 300 36
239 98 20 258 94 20
557 525 20 575 520 20
575 522 20 557 529 20
559 530 20 575 522 20
577 523 20 559 530 20
267 524 36 292 533 20
262 524 36 245 542 20
241 542 20 262 524 36
258 524 36 241 542 20
238 542 20 258 524 36
456 174 20 436 174 20
255 524 36 238 542 20
522 30 20 539 20 20
236 542 20 255 524 36
253 524 36 236 542 20
235 542 20 253 524 36
252 524 36 235 542 20
235 542 20 252 524 36
252 524 36 235 542 20
235 542 20 252 524 36
252 524 36 235 542 20
235 542 20 252 524 36
252 524 36 235 542 20
235 542 20 252 524 36
252 524 36 235 542 20
235 542 20 252 524 36
252 524 36 235 542 20
235 542 20 252 524 36
303 542 20 299 523 20
252 524 36 235 542 20
235 542 20 252 524 36
252 524 36 235 542 20
235 542 20 252 524 36
252 524 36 235 542 20
235 542 20 252 524 36
252 524 36 235 542 20
235 542 20 252 524 36
252 524 36 235 542 20
235 542 20 252 524 36
305 505 20 300 487 20
252 524 36 235 542 20
235 542 20 252 524 36
252 524 36 235 542 20
235 542 20 252 524 36
252 524 36 235 542 20
235 542 20 252 524 36
252 524 36 235 542 20
235 542 20 252 524 36
252 524 36 235 542 20
235 542 20 252 524 36
252 524 36 235 542 20
235 542 20 252 524 36
252 524 36 235 542 20
235 542 20 252 524 36
277 512 20 252 524 36
247 525 36 235 542 20
232 542 20 247 525 36
243 525 36 232 542 20
230 542 20 243 525 36
241 525 36 230 542 20
229 542 20 241 525 36
240 525 36 229 542 20
229 542 20 240 525 36
240 525 36 229 542 20
229 542 20 240 525 36
240 525 36 229 542 20
229 542 20 240 525 36
240 525 36 229 542 20
229 542 20 240 525 36
240 525 36 229 542 20
229 542 20 240 525 36
240 525 36 229 542 20
229 542 20 240 525 36
240 525 36 229 542 20
229 542 20 240 525 36
240 525 36 229 542 20
229 542 20 240 525 36
240 525 36 229 542 20
229 542 20 240 525 36
240 525 36 229 542 20
229 542 20 240 525 36
436 282 20 433 307 36
239 185 20 236 202 20
240 525 36 229 542 20
229 542 20 240 525 36
240 525 36 229 542 20
229 542 20 240 525 36
240 525 36 229 542 20
229 542 20 240 525 36
240 525 36 229 542 20
229 542 20 240 525 36
240 525 36 229 542 20
229 542 20 240 525 36
240 525 36 229 542 20
229 542 20 240 525 36
240 525 36 229 542 20
229 542 20 240 525 36
240 525 36 229 542 20
229 542 20 240 525 36
240 525 36 229 542 20
229 542 20 240 525 36
240 525 36 229 542 20
229 542 20 240 525 36
240 525 36 229 542 20
229 542 20 240 525 36
240 525 36 229 542 20
229 542 20 240 525 36
240 525 36 229 542 20
229 542 20 240 525 36
240 525 36 229 542 20
229 542 20 240 525 36
240 525 36 229 542 20
229 542 20 240 525 36
240 525 36 229 542 20
229 542 20 240 525 36
240 525 36 229 542 20
229 542 20 240 525 36
240 525 36 229 542 20
229 542 20 240 525 36
240 525 36 229 542 20
229 542 20 240 525 36
240 525 36 229 542 20
229 542 20 240 525 36
240 525 36 229 542 20
229 542 20 240 525 36
240 525 36 229 542 20
229 542 20 240 525 36
240 525 36 229 542 20
229 542 20 240 525 36
240 525 36 229 542 20
229 542 20 240 525 36
240 525 36 229 542 20
229 542 20 240 525 36
240 525 36 229 542 20
229 542 20 240 525 36
240 525 36 229 542 20
229 542 20 240 525 36
240 525 36 229 542 20
229 542 20 240 525 36
240 525 36 229 542 20
229 542 20 240 525 36
240 525 36 229 542 20
229 542 20 240 525 36
444 174 20 433 158 20
240 525 36 229 542 20
229 542 20 240 525 36
240 525 36 229 542 20
229 542 20 240 525 36
240 525 36 229 542 20
229 542 20 240 525 36
240 525 36 229 542 20
229 542 20 240 525 36
240 525 36 229 542 20
229 542 20 240 525 36
240 525 36 229 542 20
229 542 20 240 525 36
240 525 36 229 542 20
229 542 20 240 525 36
240 525 36 229 542 20
242 170 20 223 174 20
229 542 20 240 525 36
240 525 36 229 542 20
229 542 20 240 525 36
240 525 36 229 542 20
229 542 20 240 525 36
240 525 36 229 542 20
229 542 20 240 525 36
189 162 20 199 145 20
240 525 36 229 542 20
229 542 20 240 525 36
426 203 20 444 207 20
240 525 36 229 542 20
229 542 20 240 525 36
240 525 36 229 542 20
229 542 20 240 525 36
240 525 36 229 542 20
229 542 20 240 525 36
240 525 36 229 542 20
229 542 20 240 525 36
240 525 36 229 542 20
229 542 20 240 525 36
240 525 36 229 542 20
229 542 20 240 525 36
240 525 36 229 542 20
229 542 20 240 525 36
240 525 36 229 542 20
229 542 20 240 525 36
240 525 36 229 542 20
229 542 20 240 525 36
240 525 36 229 542 20
229 542 20 240 525 36
240 525 36 229 542 20
229 542 20 240 525 36
240 525 36 229 542 20
229 542 20 240 525 36
238 383 20 236 364 20
240 525 36 229 542 20
229 542 20 240 525 36
240 525 36 229 542 20
229 542 20 240 525 36
240 525 36 229 542 20
229 542 20 240 525 36
240 525 36 229 542 20
229 542 20 240 525 36
240 525 36 229 542 20
229 542 20 240 525 36
240 525 36 229 542 20
260 404 30 238 398 20
229 542 20 240 525 36
240 525 36 229 542 20
229 542 20 240 525 36
484 207 20 497 221 20
240 525 36 229 542 20
229 542 20 240 525 36
240 525 36 229 542 20
229 542 20 240 525 36
240 525 36 229 542 20
229 542 20 240 525 36
240 525 36 229 542 20
229 542 20 240 525 36
240 525 36 229 542 20
229 542 20 240 525 36
240 525 36 229 542 20
229 542 20 240 525 36
240 525 36 229 542 20
229 542 20 240 525 36
240 525 36 229 542 20
229 542 20 240 525 36
240 525 36 229 542 20
229 542 20 240 525 36
240 525 36 229 542 20
229 542 20 240 525 36
240 525 36 229 542 20
229 542 20 240 525 36
240 525 36 229 542 20
229 542 20 240 525 36
240 525 36 229 542 20
229 542 20 240 525 36
240 525 36 229 542 20
229 542 20 240 525 36
240 525 36 229 542 20
229 542 20 240 525 36
240 525 36 229 542 20
229 542 20 240 525 36
281 460 20 260 472 30
240 525 36 229 542 20
229 542 20 240 525 36
240 525 36 229 542 20
229 542 20 240 525 36
240 525 36 229 542 20
229 542 20 240 525 36
240 525 36 229 542 20
229 542 20 240 525 36
240 525 36 229 542 20
245 497 30 240 525 36
229 542 20 240 525 36
240 526 36 229 542 20
240 526 36 245 497 30
244 500 30 240 526 36
229 542 20 240 526 36
240 526 36 229 542 20
240 526 36 244 500 30
244 501 30 240 526 36
229 542 20 240 526 36
240 526 36 229 542 20
240 526 36 244 501 30
244 501 30 240 526 36
229 542 20 240 526 36
240 526 36 229 542 20
240 526 36 244 501 30
244 501 30 240 526 36
229 542 20 240 526 36
240 526 36 229 542 20
240 526 36 244 501 30
442 352 36 426 335 20
244 501 30 240 526 36
229 542 20 240 526 36
424 331 20 442 352 36
240 526 36 229 542 20
240 526 36 244 501 30
440 348 36 424 331 20
244 501 30 240 526 36
229 542 20 240 526 36
423 328 20 440 348 36
240 526 36 229 542 20
240 526 36 244 501 30
439 345 36 423 328 20
244 501 30 240 526 36
229 542 20 240 526 36
423 326 20 439 345 36
240 526 36 229 542 20
240 526 36 244 501 30
439 343 36 423 326 20
244 501 30 240 526 36
229 542 20 240 526 36
423 325 20 439 343 36
240 526 36 229 542 20
240 526 36 244 501 30
439 342 36 423 325 20
244 501 30 240 526 36
229 542 20 240 526 36
423 325 20 439 342 36
240 526 36 229 542 20
240 526 36 244 501 30
439 342 36 423 325 20
244 501 30 240 526 36
229 542 20 240 526 36
423 325 20 439 342 36
240 526 36 229 542 20
240 526 36 244 501 30
439 342 36 423 325 20
244 501 30 240 526 36
229 542 20 240 526 36
423 325 20 439 342 36
240 526 36 229 542 20
240 526 36 244 501 30
439 342 36 423 325 20
244 501 30 240 526 36
229 542 20 240 526 36
423 325 20 439 342 36
240 526 36 229 542 20
240 526 36 244 501 30
439 342 36 423 325 20
244 501 30 240 526 36
229 542 20 240 526 36
423 325 20 439 342 36
240 526 36 229 542 20
240 526 36 244 501 30
439 342 36 423 325 20
244 501 30 240 526 36
229 542 20 240 526 36
423 325 20 439 342 36
240 526 36 229 542 20
240 526 36 244 501 30
439 342 36 423 325 20
244 501 30 240 526 36
229 542 20 240 526 36
423 325 20 439 342 36
240 526 36 229 542 20
240 526 36 244 501 30
439 342 36 423 325 20
244 501 30 240 526 36
229 542 20 240 526 36
423 325 20 439 342 36
240 526 36 229 542 20
240 526 36 244 501 30
439 342 36 423 325 20
244 501 30 240 526 36
229 542 20 240 526 36
423 325 20 439 342 36
240 526 36 229 542 20
240 526 36 244 501 30
439 342 36 423 325 20
244 501 30 240 526 36
229 542 20 240 526 36
423 325 20 439 342 36
240 526 36 229 542 20
240 526 36 244 501 30
439 342 36 423 325 20
244 501 30 240 526 36
229 542 20 240 526 36
423 325 20 439 342 36
240 526 36 229 542 20
240 526 36 244 501 30
439 342 36 423 325 20
244 501 30 240 526 36
229 542 20 240 526 36
423 325 20 439 342 36
240 526 36 229 542 20
240 526 36 244 501 30
439 342 36 423 325 20
244 501 30 240 526 36
229 542 20 240 526 36
423 325 20 439 342 36
240 526 36 229 542 20
240 526 36 244 501 30
439 342 36 423 325 20
244 501 30 240 526 36
229 542 20 240 526 36
423 325 20 439 342 36
240 526 36 229 542 20
240 526 36 244 501 30
439 342 36 423 325 20
244 501 30 240 526 36
229 542 20 240 526 36
423 325 20 439 342 36
240 526 36 229 542 20
240 526 36 244 501 30
439 342 36 423 325 20
244 501 30 240 526 36
229 542 20 240 526 36
423 325 20 439 342 36
240 526 36 229 542 20
240 526 36 244 501 30
439 342 36 423 325 20
244 501 30 240 526 36
229 542 20 240 526 36
423 325 20 439 342 36
240 526 36 229 542 20
240 526 36 244 501 30
439 342 36 423 325 20
244 501 30 240 526 36
229 542 20 240 526 36
423 325 20 439 342 36
240 526 36 229 542 20
240 526 36 244 501 30
439 342 36 423 325 20
244 501 30 240 526 36
229 542 20 240 526 36
423 325 20 439 342 36
240 526 36 229 542 20
240 526 36 244 501 30
439 342 36 423 325 20
244 501 30 240 526 36
229 542 20 240 526 36
423 325 20 439 342 36
240 526 36 229 542 20
240 526 36 244 501 30
439 342 36 423 325 20
244 501 30 240 526 36
229 542 20 240 526 36
423 325 20 439 342 36
240 526 36 229 542 20
240 526 36 244 501 30
439 342 36 423 325 20
244 501 30 240 526 36
229 542 20 240 526 36
423 325 20 439 342 36
240 526 36 229 542 20
240 526 36 244 501 30
439 342 36 423 325 20
244 501 30 240 526 36
229 542 20 240 526 36
423 325 20 439 342 36
240 526 36 229 542 20
240 526 36 244 501 30
439 342 36 423 325 20
244 501 30 240 526 36
229 542 20 240 526 36
423 325 20 439 342 36
240 526 36 229 542 20
240 526 36 244 501 30
439 342 36 423 325 20
244 501 30 240 526 36
229 542 20 240 526 36
423 325 20 439 342 36
240 526 36 229 542 20
240 526 36 244 501 30
439 342 36 423 325 20
244 501 30 240 526 36
229 542 20 240 526 36
423 325 20 439 342 36
240 526 36 229 542 20
240 526 36 244 501 30
439 342 36 423 325 20
244 501 30 240 526 36
229 542 20 240 526 36
423 325 20 439 342 36
240 526 36 229 542 20
240 526 36 244 501 30
439 342 36 423 325 20
244 501 30 240 526 36
229 542 20 240 526 36
423 325 20 439 342 36
240 526 36 229 542 20
240 526 36 244 501 30
439 342 36 423 325 20
244 501 30 240 526 36
229 542 20 240 526 36
423 325 20 439 342 36
240 526 36 229 542 20
240 526 36 244 501 30
439 342 36 423 325 20
244 501 30 240 526 36
229 542 20 240 526 36
423 325 20 439 342 36
240 526 36 229 542 20
240 526 36 244 501 30
439 342 36 423 325 20
244 501 30 240 526 36
229 542 20 240 526 36
423 325 20 439 342 36
240 526 36 229 542 20
240 526 36 244 501 30
439 342 36 423 325 20
244 501 30 240 526 36
229 542 20 240 526 36
423 325 20 439 342 36
240 526 36 229 542 20
240 526 36 244 501 30
439 342 36 423 325 20
244 501 30 240 526 36
229 542 20 240 526 36
423 325 20 439 342 36
240 526 36 229 542 20
240 526 36 244 501 30
439 342 36 423 325 20
244 501 30 240 526 36
229 542 20 240 526 36
423 325 20 439 342 36
240 526 36 229 542 20
240 526 36 244 501 30
439 342 36 423 325 20
244 501 30 240 526 36
229 542 20 240 526 36
423 325 20 439 342 36
240 526 36 229 542 20
240 526 36 244 501 30
439 342 36 423 325 20
244 501 30 240 526 36
38 170 20 53 158 20
229 542 20 240 526 36
423 325 20 439 342 36
240 526 36 229 542 20
240 526 36 244 501 30
439 342 36 423 325 20
244 501 30 240 526 36
229 542 20 240 526 36
423 325 20 439 342 36
240 526 36 229 542 20
240 526 36 244 501 30
439 342 36 423 325 20
244 501 30 240 526 36
229 542 20 240 526 36
423 325 20 439 342 36
240 526 36 229 542 20
240 526 36 244 501 30
439 342 36 423 325 20
244 501 30 240 526 36
229 542 20 240 526 36
423 325 20 439 342 36
399 512 20 418 512 20
39 484 20 28 468 20
240 526 36 229 542 20
240 526 36 244 501 30
439 342 36 423 325 20
244 501 30 240 526 36
229 542 20 240 526 36
423 325 20 439 342 36
240 526 36 229 542 20
240 526 36 244 501 30
439 342 36 423 325 20
244 501 30 240 526 36
229 542 20 240 526 36
423 325 20 439 342 36
240 526 36 229 542 20
240 526 36 244 501 30
439 342 36 423 325 20
244 501 30 240 526 36
229 542 20 240 526 36
423 325 20 439 342 36
218 292 20 236 286 20
240 526 36 229 542 20
240 526 36 244 501 30
439 342 36 423 325 20
244 501 30 240 526 36
229 542 20 240 526 36
423 325 20 439 342 36
240 526 36 229 542 20
240 526 36 244 501 30
439 342 36 423 325 20
244 501 30 240 526 36
229 542 20 240 526 36
423 325 20 439 342 36
240 526 36 229 542 20
240 526 36 244 501 30
439 342 36 423 325 20
244 501 30 240 526 36
229 542 20 240 526 36
423 325 20 439 342 36
240 526 36 229 542 20
240 526 36 244 501 30
439 342 36 423 325 20
244 501 30 240 526 36
229 542 20 240 526 36
423 325 20 439 342 36
240 526 36 229 542 20
240 526 36 244 501 30
439 342 36 423 325 20
244 501 30 240 526 36
229 542 20 240 526 36
423 325 20 439 342 36
191 374 20 195 392 20
240 526 36 229 542 20
240 526 36 244 501 30
439 342 36 423 325 20
244 501 30 240 526 36
229 542 20 240 526 36
423 325 20 439 342 36
240 526 36 229 542 20
240 526 36 244 501 30
439 342 36 423 325 20
244 501 30 240 526 36
229 542 20 240 526 36
423 325 20 439 342 36
240 526 36 229 542 20
240 526 36 244 501 30
439 342 36 423 325 20
244 501 30 240 526 36
229 542 20 240 526 36
423 325 20 439 342 36
240 526 36 229 542 20
240 526 36 244 501 30
439 342 36 423 325 20
244 501 30 240 526 36
229 542 20 240 526 36
423 325 20 439 342 36
240 526 36 229 542 20
240 526 36 244 501 30
439 342 36 423 325 20
244 501 30 240 526 36
229 542 20 240 526 36
423 325 20 439 342 36
240 526 36 229 542 20
240 526 36 244 501 30
439 342 36 423 325 20
244 501 30 240 526 36
229 542 20 240 526 36
423 325 20 439 342 36
240 526 36 229 542 20
240 526 36 244 501 30
439 342 36 423 325 20
244 501 30 240 526 36
229 542 20 240 526 36
423 325 20 439 342 36
240 526 36 229 542 20
240 526 36 244 501 30
439 342 36 423 325 20
244 501 30 240 526 36
229 542 20 240 526 36
423 325 20 439 342 36
240 526 36 229 542 20
240 526 36 244 501 30
439 342 36 423 325 20
244 501 30 240 526 36
229 542 20 240 526 36
423 325 20 439 342 36
240 526 36 229 542 20
240 526 36 244 501 30
439 342 36 423 325 20
244 501 30 240 526 36
229 542 20 240 526 36
423 325 20 439 342 36
240 526 36 229 542 20
240 526 36 244 501 30
439 342 36 423 325 20
244 501 30 240 526 36
132 164 12 119 158 20
229 542 20 240 526 36
423 325 20 439 342 36
240 526 36 229 542 20
240 526 36 244 501 30
439 342 36 423 325 20
244 501 30 240 526 36
229 542 20 240 526 36
423 325 20 439 342 36
240 526 36 229 542 20
240 526 36 244 501 30
439 342 36 423 325 20
244 501 30 240 526 36
229 542 20 240 526 36
423 325 20 439 342 36
240 526 36 229 542 20
240 526 36 244 501 30
439 342 36 423 325 20
244 501 30 240 526 36
229 542 20 240 526 36
423 325 20 439 342 36
240 526 36 229 542 20
240 526 36 244 501 30
439 342 36 423 325 20
244 501 30 240 526 36
229 542 20 240 526 36
423 325 20 439 342 36
240 526 36 229 542 20
240 526 36 244 501 30
439 342 36 423 325 20
244 501 30 240 526 36
229 542 20 240 526 36
423 325 20 439 342 36
240 526 36 229 542 20
240 526 36 244 501 30
439 342 36 423 325 20
244 501 30 240 526 36
229 542 20 240 526 36
423 325 20 439 342 36
240 526 36 229 542 20
240 526 36 244 501 30
439 342 36 423 325 20
244 501 30 240 526 36
229 542 20 240 526 36
423 325 20 439 342 36
240 526 36 229 542 20
240 526 36 244 501 30
439 342 36 423 325 20
244 501 30 240 526 36
229 542 20 240 526 36
423 325 20 439 342 36
240 526 36 229 542 20
240 526 36 244 501 30
439 342 36 423 325 20
244 501 30 240 526 36
229 542 20 240 526 36
423 325 20 439 342 36
240 526 36 229 542 20
240 526 36 244 501 30
439 342 36 423 325 20
244 501 30 240 526 36
229 542 20 240 526 36
423 325 20 439 342 36
240 526 36 229 542 20
240 526 36 244 501 30
439 342 36 423 325 20
244 501 30 240 526 36
229 542 20 240 526 36
423 325 20 439 342 36
240 526 36 229 542 20
240 526 36 244 501 30
439 342 36 423 325 20
244 501 30 240 526 36
229 542 20 240 526 36
423 325 20 439 342 36
240 526 36 229 542 20
240 526 36 244 501 30
439 342 36 423 325 20
244 501 30 240 526 36
229 542 20 240 526 36
423 325 20 439 342 36
240 526 36 229 542 20
240 526 36 244 501 30
439 342 36 423 325 20
244 501 30 240 526 36
229 542 20 240 526 36
423 325 20 439 342 36
240 526 36 229 542 20
240 526 36 244 501 30
439 342 36 423 325 20
244 501 30 240 526 36
229 542 20 240 526 36
423 325 20 439 342 36
240 526 36 229 542 20
240 526 36 244 501 30
439 342 36 423 325 20
244 501 30 240 526 36
229 542 20 240 526 36
423 325 20 439 342 36
240 526 36 229 542 20
240 526 36 244 501 30
439 342 36 423 325 20
244 501 30 240 526 36
229 542 20 240 526 36
423 325 20 439 342 36
240 526 36 229 542 20
240 526 36 244 501 30
439 342 36 423 325 20
244 501 30 240 526 36
229 542 20 240 526 36
423 325 20 439 342 36
240 526 36 229 542 20
240 526 36 244 501 30
439 342 36 423 325 20
244 501 30 240 526 36
229 542 20 240 526 36
423 325 20 439 342 36
240 526 36 229 542 20
240 526 36 244 501 30
439 342 36 423 325 20
244 501 30 240 526 36
229 542 20 240 526 36
423 325 20 439 342 36
240 526 36 229 542 20
240 526 36 244 501 30
439 342 36 423 325 20
244 501 30 240 526 36
229 542 20 240 526 36
423 325 20 439 342 36
240 526 36 229 542 20
240 526 36 244 501 30
439 342 36 423 325 20
244 501 30 240 526 36
229 542 20 240 526 36
423 325 20 439 342 36
240 526 36 229 542 20
240 526 36 244 501 30
439 342 36 423 325 20
244 501 30 240 526 36
229 542 20 240 526 36
423 325 20 439 342 36
240 526 36 229 542 20
240 526 36 244 501 30
439 342 36 423 325 20
244 501 30 240 526 36
229 542 20 240 526 36
423 325 20 439 342 36
240 526 36 229 542 20
240 526 36 244 501 30
439 342 36 423 325 20
244 501 30 240 526 36
229 542 20 240 526 36
423 325 20 439 342 36
240 526 36 229 542 20
240 526 36 244 501 30
439 342 36 423 325 20
244 501 30 240 526 36
229 542 20 240 526 36
423 325 20 439 342 36
240 526 36 229 542 20
240 526 36 244 501 30
439 342 36 423 325 20
244 501 30 240 526 36
229 542 20 240 526 36
423 325 20 439 342 36
240 526 36 229 542 20
240 526 36 244 501 30
439 342 36 423 325 20
244 501 30 240 526 36
229 542 20 240 526 36
423 325 20 439 342 36
240 526 36 229 542 20
240 526 36 244 501 30
439 342 36 423 325 20
244 501 30 240 526 36
229 542 20 240 526 36
423 325 20 439 342 36
240 526 36 229 542 20
240 526 36 244 501 30
439 342 36 423 325 20
244 501 30 240 526 36
229 542 20 240 526 36
423 325 20 439 342 36
240 526 36 229 542 20
240 526 36 244 501 30
439 342 36 423 325 20
244 501 30 240 526 36
229 542 20 240 526 36
423 325 20 439 342 36
240 526 36 229 542 20
240 526 36 244 501 30
439 342 36 423 325 20
244 501 30 240 526 36
229 542 20 240 526 36
423 325 20 439 342 36
240 526 36 229 542 20
240 526 36 244 501 30
439 342 36 423 325 20
244 501 30 240 526 36
229 542 20 240 526 36
423 325 20 439 342 36
240 526 36 229 542 20
240 526 36 244 501 30
439 342 36 423 325 20
244 501 30 240 526 36
229 542 20 240 526 36
423 325 20 439 342 36
240 526 36 229 542 20
240 526 36 244 501 30
439 342 36 423 325 20
244 501 30 240 526 36
229 542 20 240 526 36
423 325 20 439 342 36
240 526 36 229 542 20
240 526 36 244 501 30
439 342 36 423 325 20
244 501 30 240 526 36
229 542 20 240 526 36
423 325 20 439 342 36
240 526 36 229 542 20
240 526 36 244 501 30
439 342 36 423 325 20
244 501 30 240 526 36
229 542 20 240 526 36
423 325 20 439 342 36
240 526 36 229 542 20
240 526 36 244 501 30
439 342 36 423 325 20
244 501 30 240 526 36
229 542 20 240 526 36
423 325 20 439 342 36
240 526 36 229 542 20
240 526 36 244 501 30
439 342 36 423 325 20
244 501 30 240 526 36
229 542 20 240 526 36
423 325 20 439 342 36
240 526 36 229 542 20
240 526 36 244 501 30
439 342 36 423 325 20
244 501 30 240 526 36
229 542 20 240 526 36
423 325 20 439 342 36
240 526 36 229 542 20
240 526 36 244 501 30
439 342 36 423 325 20
244 501 30 240 526 36
